KOPPLUNGS-MATRIZEN (Multi-Channel Analyse)
======================================================================

Zeitraum: 24.0 Stunden, 120 Zeitpunkte

ΔMI_sector (echte lokale Strukturkopplung):
--------------------------------------------------
         304     171     193     211     335      94     131
      -------------------------------------------------------
  304 |   -     0.347   0.452   0.476   0.446   0.182   0.174
  171 | 0.347     -     0.296   0.286   0.273   0.214   0.219
  193 | 0.452   0.296     -     0.275   0.277   0.310   0.299
  211 | 0.476   0.286   0.275     -     0.278   0.310   0.297
  335 | 0.446   0.273   0.277   0.278     -     0.305   0.298
   94 | 0.182   0.214   0.310   0.310   0.305     -     0.205
  131 | 0.174   0.219   0.299   0.297   0.298   0.205     -  

MI Ratio (residual/original):
--------------------------------------------------
         304     171     193     211     335      94     131
      -------------------------------------------------------
  304 |   -     0.260   0.309   0.314   0.316   0.195   0.190
  171 | 0.260     -     0.348   0.345   0.343   0.287   0.288
  193 | 0.309   0.348     -     0.364   0.365   0.340   0.339
  211 | 0.314   0.345   0.364     -     0.369   0.347   0.343
  335 | 0.316   0.343   0.365   0.369     -     0.342   0.342
   94 | 0.195   0.287   0.340   0.347   0.342     -     0.271
  131 | 0.190   0.288   0.339   0.343   0.342   0.271     -  

ΔMI_ring (Struktur jenseits radialer Statistik):
--------------------------------------------------
         304     171     193     211     335      94     131
      -------------------------------------------------------
  304 |   -     0.386   0.528   0.531   0.534   0.185   0.175
  171 | 0.386     -     0.334   0.324   0.311   0.102   0.093
  193 | 0.528   0.334     -     0.310   0.304   0.171   0.146
  211 | 0.531   0.324   0.310     -     0.312   0.182   0.148
  335 | 0.534   0.311   0.304   0.312     -     0.181   0.177
   94 | 0.185   0.102   0.171   0.182   0.181     -     0.192
  131 | 0.175   0.093   0.146   0.148   0.177   0.192     -  

