KOPPLUNGS-MATRIZEN (Multi-Channel Analyse)
======================================================================

Zeitraum: 1.0 Stunden, 5 Zeitpunkte

ΔMI_sector (echte lokale Strukturkopplung):
--------------------------------------------------
         304     171     193     211     335      94     131
      -------------------------------------------------------
  304 |   -     0.098   0.073   0.073   0.098   0.102   0.104
  171 | 0.098     -     0.386   0.205   0.104   0.125   0.193
  193 | 0.073   0.386     -     0.730   0.161   0.151   0.282
  211 | 0.073   0.205   0.730     -     0.222   0.139   0.240
  335 | 0.098   0.104   0.161   0.222     -     0.117   0.162
   94 | 0.102   0.125   0.151   0.139   0.117     -     0.163
  131 | 0.104   0.193   0.282   0.240   0.162   0.163     -  

MI Ratio (residual/original):
--------------------------------------------------
         304     171     193     211     335      94     131
      -------------------------------------------------------
  304 |   -     1.741   1.392   1.297   1.595   3.421   1.984
  171 | 1.741     -     0.980   0.934   0.755   3.342   1.051
  193 | 1.392   0.980     -     1.108   0.600   4.820   1.025
  211 | 1.297   0.934   1.108     -     0.640   4.710   1.072
  335 | 1.595   0.755   0.600   0.640     -     1.772   0.848
   94 | 3.421   3.342   4.820   4.710   1.772     -     7.271
  131 | 1.984   1.051   1.025   1.072   0.848   7.271     -  

ΔMI_ring (Struktur jenseits radialer Statistik):
--------------------------------------------------
         304     171     193     211     335      94     131
      -------------------------------------------------------
  304 |   -     0.215   0.182   0.190   0.219   0.198   0.201
  171 | 0.215     -     0.635   0.396   0.245   0.196   0.299
  193 | 0.182   0.635     -     1.170   0.308   0.272   0.445
  211 | 0.190   0.396   1.170     -     0.399   0.256   0.403
  335 | 0.219   0.245   0.308   0.399     -     0.202   0.258
   94 | 0.198   0.196   0.272   0.256   0.202     -     0.244
  131 | 0.201   0.299   0.445   0.403   0.258   0.244     -  

